113[39] 99[146] 50[20] 40[10] 3[9] -1 3[9] 1[15] 90[4] 10[4] 89[31] 50[8] 113[6] 99[136] 79[1] 15[3] 114[20] 36[20] 4[9] 2[2] 5[30] -1 99[8] 3[3] 4[6] 2[1] 5[30] 1[30] 113[3] 46[4] 114[10] 105[12] 92[1] 44[8] 115[20] 50[8] 108[3] 90[1] 25[2] 28[4] 26[2] -1 25[2] 32[6] 108[15] 50[24] 90[8] 114[15] 99[5] 82[2] 113[3] 39[2] 4[3] 1[4] 2[1] 120[15] -1 1[13] 114[30] 99[9] 4[15] 3[33] 2[10] 25[2] -1 25[2] 99[4] 82[2] 3[45] 90[3] 2[11] 1[11] 114[5] -1 3[36] 2[9] 90[6] 114[10] 99[6] 1[2] 120[15] 50[4] -1 120[250] 90[50] 1[1] 114[555] 107[363] 99[111] 81[2] 25[38] 115[5] -1 -2 SUtility:2441
50[12] 78[1] 80[1] 114[5] 99[3] 81[6] 120[25] 90[6] 40[2] 10[8] 3[9] 1[1] 2[2] 14[6] 58[6] 105[6] 5[5] -1 5[5] 2[1] 105[15] 10[7] 90[7] 58[30] 14[6] 18[10] 13[6] 17[10] 3[3] -1 90[11] 10[7] 58[18] 14[15] 18[20] 13[6] 17[10] 19[5] 16[6] -1 90[15] 10[15] 58[6] 14[6] 19[5] 16[6] 18[5] -1 90[18] 10[17] -1 10[3] 90[3] 114[20] 99[118] 28[8] 32[6] 46[8] 51[6] 36[10] 3[3] 4[6] 2[1] 5[30] 1[30] 113[3] 105[6] -1 114[30] 99[10] 105[6] 92[1] 44[8] 115[20] 58[54] 108[12] 90[1] 82[2] 113[3] 86[1] -1 114[20] 99[8] 50[4] 4[15] 3[33] 1[10] 2[10] 58[6] 25[4] 82[1] -1 58[6] 82[1] 50[4] 3[45] 90[3] 2[11] 1[11] 99[3] 114[5] -1 3[36] 2[9] 90[5] 114[10] 99[6] 50[16] 1[2] 120[10] -1 90[11] 120[45] 1[1] 114[15] 107[12] 99[3] 81[2] 58[264] 25[2] 115[5] -1 58[1158] -1 -2 SUtility:2616
3[18] 1[20] 90[3] 10[4] 89[31] 50[8] 113[6] 99[116] 79[1] 114[25] 36[20] 115[5] 4[6] 2[1] 5[30] 46[4] -1 99[10] 105[12] 114[15] 115[20] 92[1] 44[8] 108[9] 90[1] 25[4] 28[4] 26[2] 32[6] 50[8] 82[2] 113[3] -1 114[35] 99[9] 108[6] 39[2] 4[15] 1[9] 2[7] 50[4] 3[21] -1 3[39] 1[7] 2[11] 99[5] 25[4] 4[3] 82[2] 90[3] 114[5] -1 2[11] 3[54] 1[9] 90[3] 114[10] 99[6] -1 1[2] 2[2] 120[55] 90[10] 50[4] 114[15] 107[12] 99[3] 81[2] -1 90[1] 25[20] 115[5] -1 -2 SUtility:814
121[5] 15[3] 10[12] 90[50] 58[666] 14[33] 28[44] 25[22] 52[126] 115[5] 3[3] 1[1] -1 -2 SUtility:970
121[5] 77[1610] 15[3] 10[12] 90[50] 58[666] 14[33] 28[44] 25[22] 52[126] 115[5] 3[3] 1[1] -1 -2 SUtility:2580
50[12] 114[15] 99[246] 88[1] 40[2] 113[33] 67[10] -1 40[4] 88[2] 50[24] 114[20] 99[4] 86[9] 49[4] 113[3] 90[5] 3[6] 1[2] 82[1] 115[5] 28[4] -1 9[1] 17[35] 11[6] 8[1] 89[3] 79[9] 10[7] 82[1] 72[2] 6[10] 4[3] 3[9] 114[10] 99[1] 1[2] 2[2] 38[4] 86[1] 90[1] -1 99[2] 108[12] 50[8] 9[3] 90[5] 3[30] 2[10] 1[5] -1 3[6] 2[2] 1[1] 9[8] 90[9] 99[2] 115[5] 45[4] 23[5] 17[15] 14[3] 113[3] 15[15] 83[1] 7[3] 72[1] -1 10[2] 12[3] 13[3] 17[5] 23[5] 72[1] 99[3] 2[15] 90[31] 83[1] 113[6] 52[12] 49[16] 115[5] 50[16] 40[8] -1 49[4] 90[125] 2[2] 50[44] 115[5] 3[3] 1[1] 52[6] -1 -2 SUtility:1000
113[42] 99[361] 50[20] 40[10] -1 99[48] 113[12] 3[15] 1[2] 90[3] 10[4] 89[96] 50[8] 86[2] 11[39] -1 11[69] 99[2] 50[8] 86[13] 90[2] 114[5] 113[3] 74[3] -1 11[45] 86[4] 74[3] 113[15] 99[16] 79[2] 72[1] 8[1] 114[5] 14[3] 43[4] 49[4] 90[2] -1 72[1] 86[249] 50[4] 112[6] 79[1] 113[3] 99[64] 114[15] 11[6] 89[7] 74[27] 7[2] -1 74[48] 86[142] 11[6] 90[2] 3[3] 79[1] 114[5] -1 99[4] 82[1] 90[9] 3[30] 1[1] 2[3] 44[4] 39[2] 49[8] 0[17] -1 0[9] 3[33] 2[4] 90[3] 1[3] 86[2] 89[5] 39[2] 49[8] -1 2[3] 50[8] 3[15] 1[1] 113[3] 11[18] 74[15] 86[34] 71[12] 114[10] 89[2] 99[3] 90[1] -1 11[24] 86[52] 71[2] 103[2] 74[21] 3[15] 79[1] 10[1] 114[10] 99[2] 36[10] 4[3] 1[1] 2[1] 50[4] -1 4[12] 2[2] 5[60] 1[42] 114[20] 99[119] 36[10] 3[3] 113[3] 46[4] 105[12] 92[1] 44[4] 115[5] 50[4] -1 108[15] 50[8] 115[15] 90[1] 44[4] 25[4] 28[4] 26[2] 32[6] 114[30] 99[7] 82[2] 113[3] 39[2] 4[3] 1[3] 2[1] -1 99[8] 114[15] 4[15] 3[39] 1[10] 2[10] 25[4] 82[2] 90[1] -1 2[13] 3[51] 1[11] 90[3] 99[3] 114[5] -1 3[24] 2[7] 114[10] 99[6] 90[8] 1[2] 120[30] 50[4] -1 120[250] 90[50] 1[1] 114[555] 107[363] 99[111] 81[2] 25[38] 115[5] 50[4] -1 -2 SUtility:3957
114[20] 99[42] 86[4] 3[24] 1[7] 90[8] 38[2] 2[1] 79[6] -1 45[4] 90[5] 58[6] 10[1] 28[4] 114[25] 99[115] 36[20] 4[15] 1[50] 3[6] 5[60] 113[3] 46[4] -1 99[9] 90[4] 108[15] 3[3] 1[1] 114[15] 46[4] 51[6] 92[1] 44[8] 115[20] 50[16] 82[2] 113[3] 40[2] -1 99[11] 50[8] 40[2] 114[40] 108[3] 86[1] 4[12] 3[21] 1[6] 90[6] -1 3[39] 1[15] 90[12] 99[2] 25[4] 4[3] 82[2] 108[3] 50[8] -1 90[13] 3[51] 1[21] 99[3] 114[5] -1 3[36] 90[11] 1[24] -1 3[51] 90[13] 1[13] 114[10] 99[6] -1 1[6] 90[13] 3[9] 120[45] 50[4] 114[15] 107[9] 99[2] -1 107[3] 81[2] 99[1] 120[55] 90[11] 25[2] 115[5] -1 -2 SUtility:1178
50[28] 40[6] 114[30] 99[76] 67[10] 10[5] 121[5] 79[2] 14[6] 13[3] 90[3] 3[6] 1[2] 43[4] 49[4] -1 90[5] 3[21] 79[7] 50[12] 89[1] 114[15] 99[2] 1[6] 2[3] 38[4] 86[2] -1 90[6] 3[33] 37[2] 1[5] 108[12] 99[1] 50[8] 9[2] 2[8] -1 9[1] 90[50] 3[6] 2[1] 1[1] 23[5] 121[5] 52[126] 49[4] 115[5] 99[11] -1 -2 SUtility:560
121[5] 86[1] 58[6] 15[3] 10[3] 90[50] 3[6] 1[2] 2[1] 14[36] 113[6] 52[126] 115[5] -1 -2 SUtility:250
50[44] 107[3] 89[1] 82[1] 114[10] 99[66] 40[2] 86[8] 67[5] 113[9] 9[1] 11[24] 90[2] 3[3] 1[1] 10[1] -1 1[3] 10[4] 86[1] 3[6] 76[5] 50[76] 67[10] 114[10] 43[8] 49[8] 9[1] 99[2] 59[1] 14[3] 8[1] 19[10] 21[5] 37[2] 90[1] -1 10[1] 50[20] 86[18] 114[20] 99[115] 11[6] 74[6] 107[6] 3[12] 1[3] 2[3] 36[10] -1 4[6] 2[1] 5[30] 1[30] 99[7] 113[3] 46[4] 114[10] 105[12] 92[1] 44[8] 115[20] 50[8] 108[6] 90[1] 25[4] 28[4] 26[2] 32[6] -1 50[8] 114[35] 99[9] 82[2] 113[3] 108[9] 39[2] 4[9] 1[7] 2[5] 3[12] -1 4[9] 3[36] 1[7] 2[9] 114[10] 99[6] 25[4] 82[2] 50[12] 90[3] -1 2[11] 3[45] 1[10] 50[4] 99[6] 114[15] 90[2] -1 3[21] 99[3] 90[11] 2[6] 1[2] 120[45] 50[4] -1 1[1] 114[555] 107[363] 99[111] 81[2] 120[55] 90[111] 25[38] 115[5] -1 -2 SUtility:2346
121[5] 15[3] 10[112] 90[50] 58[300] 14[333] 28[444] 25[222] 52[126] 115[5] 3[3] 1[1] -1 -2 SUtility:1604
79[4] 50[8] 4[6] 5[10] 2[4] 38[8] 114[25] 99[5] 90[2] 82[1] 112[6] 113[3] 3[15] 1[3] 39[2] 49[4] -1 1[24] 2[10] 3[54] 99[7] 114[5] -1 1[25] 2[6] 3[45] 90[5] 114[5] 99[8] 79[1] 14[3] 43[4] 49[4] -1 9[5] 99[3] 3[30] 2[7] 1[4] 90[7] 14[9] 113[6] -1 2[4] 14[9] 90[6] 9[3] 79[7] 89[1] 3[9] 114[15] 99[2] 1[3] 38[4] 86[2] -1 3[36] 1[7] 90[7] 37[2] 108[9] 99[1] 50[12] 9[2] 2[5] -1 2[7] 3[18] 1[3] 108[6] 90[8] 14[3] 9[9] 99[6] 83[1] 115[5] 82[1] -1 3[12] 6[20] 2[4] 40[8] 72[1] 50[8] 79[5] 13[6] 14[3] 8[2] 19[10] 16[6] 90[9] 45[4] 52[12] 49[4] -1 49[44] 90[50] 2[1] 99[1] 115[5] 3[3] 1[1] 52[6] -1 -2 SUtility:821
3[15] 1[2] 90[3] 10[4] 89[49] 50[8] 113[6] 99[3] 86[2] 11[54] -1 11[60] 99[2] 50[8] 86[15] 90[2] 114[5] 113[6] 74[6] -1 11[39] 113[12] 99[16] 86[10] 8[1] 114[5] 79[2] 14[3] 43[4] 49[4] 90[2] 58[6] 10[1] 13[3] 45[4] -1 11[21] 8[1] 50[4] 112[6] 79[1] 113[6] 99[17] 114[10] 74[24] 86[86] -1 11[21] 74[42] 86[138] 58[6] 8[1] -1 74[39] 86[122] 113[3] 11[21] 58[6] 8[1] 50[4] -1 74[39] 86[128] 11[27] 113[3] 58[6] -1 8[1] 50[4] 74[42] 86[136] 11[18] 113[3] -1 74[39] 86[118] 58[6] 11[27] 8[1] 113[3] -1 86[148] 74[39] 58[6] 11[15] 8[1] 50[4] -1 113[3] 11[27] 74[36] 86[112] 58[6] 8[1] 50[4] -1 74[42] 86[128] 113[3] 11[21] 58[6] 8[1] -1 86[146] 74[42] 11[18] 113[3] 58[6] -1 99[5] 74[3] 86[10] 90[11] 3[24] 79[1] 114[5] 82[1] 1[1] 2[2] 44[4] 39[2] 49[8] 0[8] -1 3[36] 0[17] 2[4] 90[1] 1[3] 86[2] 89[3] 39[2] 49[8] -1 90[2] 89[2] 3[12] 2[3] 0[1] 50[8] 1[1] 113[3] 11[6] 74[30] 86[60] 58[24] -1 74[30] 58[36] 86[50] 40[14] 71[1] 90[17] 83[1] 52[12] 49[4] 50[4] -1 113[33] 99[11] 115[5] 3[3] 1[1] 90[4] 52[6] -1 -2 SUtility:2906
114[75] 99[384] 67[10] 3[12] 1[1] 90[1] -1 3[3] 1[1] 90[2] 10[4] 89[96] 50[8] 113[9] 99[25] 86[2] 11[60] -1 11[60] 99[2] 50[8] 86[15] 90[2] 114[5] 113[6] 74[6] -1 11[21] 113[12] 99[78] 86[22] 8[1] 114[15] 7[2] 50[8] 40[2] 112[6] 79[1] 74[6] -1 74[36] 86[100] 11[18] 114[5] 99[2] 79[1] 14[3] 43[4] 49[4] 90[2] 113[3] -1 86[150] 74[54] 7[2] 14[3] 19[5] -1 16[6] 90[1] 50[4] 74[21] 86[60] 9[1] 10[11] 46[4] 51[6] 71[1] 28[8] 32[6] 114[10] 99[2] 36[10] 4[6] 1[1] 2[1] 3[3] -1 2[2] 4[9] 5[60] 1[42] 114[20] 99[119] 36[10] 3[3] 113[3] 46[8] 105[12] 108[3] 51[6] 92[1] 44[4] -1 115[20] 108[12] 50[8] 90[1] 44[4] 114[35] 99[9] 82[2] 113[3] 86[1] 4[6] 3[12] 1[2] 2[2] -1 1[9] 2[11] 4[9] 3[36] 114[10] 99[6] 50[8] 25[4] 82[2] 90[2] -1 2[11] 3[48] 1[10] 99[6] 114[15] 90[2] -1 99[3] 3[18] 90[11] 2[6] 1[3] 120[45] 50[4] -1 114[555] 107[363] 99[111] 81[2] 120[55] 90[50] 108[3] 50[4] 25[2] 115[5] -1 -2 SUtility:3373
121[5] 15[3] 10[12] 90[50] 58[666] 14[33] 28[44] 25[22] 52[126] 115[5] 3[3] 1[1] -1 -2 SUtility:970
3[15] 1[2] 90[3] 10[4] 89[49] 50[8] 113[6] 99[3] 86[2] 11[54] -1 11[60] 99[2] 50[8] 86[15] 90[2] 114[5] 113[6] 74[6] -1 11[27] 113[18] 99[32] 9[1] 89[13] 107[6] 79[2] 114[5] 82[1] 86[8] 8[1] 50[4] 112[6] -1 114[15] 99[19] 86[128] 11[18] 79[1] 14[3] 43[4] 49[4] 90[3] 113[6] 3[9] 2[2] 1[1] 50[4] -1 89[1] 82[1] 50[20] 76[10] 39[2] 90[7] 114[5] 86[1] 3[21] 1[5] 2[1] 37[2] 108[9] 46[4] 51[6] 43[4] 49[4] -1 50[36] 113[6] 99[18] 86[91] 58[6] 42[4] 34[164] 90[2] 4[3] 5[5] 89[1] 2[3] 69[1] 68[1] 82[1] 3[9] 1[2] -1 1[1] 2[2] 114[5] 99[1] 86[88] 50[8] 71[8] 11[36] 90[1] 3[6] 68[1] 42[2] 34[82] -1 90[50] 71[50] 42[100] 34[200] 108[3] -1 -2 SUtility:1691
114[30] 99[51] 11[9] 50[24] 40[2] 88[1] 86[14] 49[4] 113[3] 90[5] 3[6] 1[2] -1 11[3] 86[3] 90[11] 3[21] 79[1] 1[3] 2[3] 113[3] 99[5] 15[3] 114[5] 82[1] 44[4] 39[2] 49[8] 0[2] -1 3[45] 0[23] 2[3] 90[1] -1 3[18] 2[5] 1[4] 114[10] 99[2] 79[1] 14[3] 43[4] 49[12] 90[4] 86[2] 89[5] 39[2] 0[1] 50[8] 113[3] 11[6] 28[4] -1 58[6] 28[4] 25[2] 24[2] 86[10] 50[8] 108[3] 90[1] -1 -2 SUtility:431
50[12] 40[2] 10[6] 86[2] 15[3] 90[6] 58[18] 3[6] 1[2] 114[5] 99[2] 79[1] 14[9] 43[4] 49[4] 28[8] 25[4] -1 113[6] 52[126] 90[296] 115[5] 3[3] 1[1] -1 -2 SUtility:531
121[5] 15[3] 10[112] 90[50] 58[300] 14[333] 28[444] 25[222] 52[126] 115[5] 3[3] 1[1] -1 -2 SUtility:1604
113[3] 99[1] 13[3] 46[4] 90[1] 72[6] 3[18] 5[30] 2[6] 58[36] -1 72[4] 3[15] 5[50] 2[5] 58[24] 99[114] 114[15] 36[10] 4[6] 1[18] 113[3] 46[4] -1 99[9] 105[12] 114[10] 46[4] 108[9] 51[6] 1[12] 92[1] 44[8] 115[20] 90[1] 58[6] 72[1] 3[3] 5[5] 2[1] 25[2] 28[4] 82[2] 113[3] -1 50[28] 40[4] 114[35] 99[7] 108[3] 86[1] 4[9] 3[21] 1[6] 2[4] -1 2[9] 114[10] 99[6] 4[6] 3[24] 1[4] 58[12] 72[2] 5[10] 25[4] 82[2] 108[3] 50[4] 90[1] -1 3[54] 1[11] 2[12] 90[3] 99[3] 114[5] -1 2[7] 114[10] 99[6] 3[21] 50[8] 90[8] 1[2] 120[30] -1 120[25] 90[5] 1[1] 114[15] 107[12] 99[3] 81[2] 58[18] 72[3] 3[9] 5[15] 2[2] -1 2[7] 58[42] 72[7] 3[21] 5[35] -1 2[7] 58[42] 72[7] 3[21] 5[35] -1 2[7] 58[42] 72[7] 3[18] 5[30] 25[2] 115[5] -1 3[21] 5[35] 2[7] 58[42] 72[7] -1 3[21] 5[35] 2[7] 58[42] 72[7] -1 3[21] 5[35] 2[7] 58[42] 72[7] -1 3[21] 5[35] 2[7] 58[42] 72[7] -1 3[21] 5[35] 2[7] 58[42] 72[7] -1 3[21] 5[35] 2[7] 58[42] 72[7] -1 3[21] 5[35] 2[7] 58[42] 72[7] -1 3[21] 5[35] 2[7] 58[42] 72[7] -1 3[21] 5[35] 2[7] 58[42] 72[7] -1 3[21] 5[35] 2[7] 58[42] 72[7] -1 3[21] 5[35] 2[7] 58[42] 72[7] -1 3[21] 5[35] 2[7] 58[42] 72[7] -1 3[21] 5[35] 2[7] 58[42] 72[7] -1 3[21] 5[35] 2[7] 58[42] 72[7] -1 3[21] 5[35] 2[7] 58[42] 72[7] -1 3[21] 5[35] 2[7] 58[42] 72[7] -1 3[21] 5[35] 2[7] 58[42] 72[7] -1 3[21] 5[35] 2[7] 58[42] 72[7] -1 3[21] 5[35] 2[7] 58[42] 72[7] -1 3[21] 5[35] 2[7] 58[42] 72[7] -1 3[21] 5[35] 2[7] 58[42] 72[7] -1 3[21] 5[35] 2[7] 58[42] 72[7] -1 3[21] 5[35] 2[7] 58[42] 72[7] -1 3[21] 5[35] 2[7] 58[42] 72[7] -1 3[21] 5[35] 2[7] 58[42] 72[7] -1 3[21] 5[35] 2[7] 58[42] 72[7] -1 3[21] 5[35] 2[7] 58[42] 72[7] -1 3[21] 5[35] 2[7] 58[42] 72[7] -1 3[21] 5[35] 2[7] 58[42] 72[7] -1 3[21] 5[35] 2[7] 58[42] 72[7] -1 3[21] 5[35] 2[7] 58[42] 72[7] -1 3[21] 5[35] 2[7] 58[42] 72[7] -1 3[21] 5[35] 2[7] 58[42] 72[7] -1 3[21] 5[35] 2[7] 58[42] 72[7] -1 3[21] 5[35] 2[7] 58[42] 72[7] -1 3[21] 5[35] 2[7] 58[42] 72[7] -1 3[21] 5[35] 2[7] 58[42] 72[7] -1 3[21] 5[35] 2[7] 58[42] 72[7] -1 3[21] 5[35] 2[7] 58[42] 72[7] -1 3[21] 5[35] 2[7] 58[42] 72[7] -1 3[21] 5[35] 2[7] 58[42] 72[7] -1 3[21] 5[35] 2[7] 58[42] 72[7] -1 3[21] 5[35] 2[7] 58[42] 72[7] -1 3[21] 5[35] 2[7] 58[42] 72[7] -1 3[21] 5[35] 2[7] 58[42] 72[7] -1 3[3] 5[5] 2[1] -1 -2 SUtility:6384
114[30] 99[87] 50[12] 40[2] 10[4] 86[1] 3[72] 6[15] 2[3] 17[25] 79[1] 14[3] 19[5] -1 50[8] 18[5] 90[6] 12[3] 3[24] 5[90] 2[6] 82[1] 1[2] 86[3] 114[5] 99[1] -1 3[30] 90[8] 2[3] 82[1] 76[10] 39[2] 114[5] 86[1] 1[5] 50[12] 37[2] 108[6] 46[4] 51[6] -1 50[12] 43[8] 108[3] 49[8] 114[15] 99[5] 79[2] 14[3] 90[4] 86[11] 3[12] 1[3] 2[3] 74[6] 11[6] -1 82[1] 99[2] 90[9] 3[30] 1[1] 2[3] 44[4] 39[2] 49[8] 0[18] -1 3[33] 0[8] 2[5] 90[3] 1[3] 86[2] 89[5] 39[2] 49[8] -1 50[8] 3[51] 1[13] 2[6] 113[9] 11[6] 99[14] 114[5] 39[2] 49[4] -1 2[8] 3[51] 1[24] 99[11] 112[3] 114[20] -1 9[2] 99[4] 3[36] 2[9] 1[5] 90[3] 114[5] 0[2] 14[3] -1 79[7] 89[1] 3[18] 114[10] 99[3] 1[4] 2[6] 38[4] 86[1] 90[4] 108[9] 9[2] -1 3[30] 2[8] 1[5] 108[3] 90[6] 9[9] 99[2] 115[5] 82[1] 83[1] -1 1[18] 90[3] 3[45] 2[9] 114[15] 99[4] 82[1] 83[1] 44[4] 25[2] -1 2[9] 3[84] 1[31] -1 2[8] 3[48] 1[6] 114[5] 99[2] 90[4] 113[3] 4[3] 86[1] 5[5] 82[1] 50[8] 11[3] -1 11[105] -1 11[105] -1 11[9] 82[1] 83[1] 99[6] 3[93] 0[13] 2[17] 1[6] 38[2] -1 1[6] 2[12] 3[60] 0[8] 78[1] 43[4] 49[4] 38[4] -1 50[8] 3[111] 1[7] 2[13] 0[6] 6[20] 5[10] 38[4] -1 50[8] 3[84] 1[9] 2[17] 0[5] 6[20] 5[10] 114[5] 99[1] 9[2] 107[3] -1 10[5] 90[4] 107[21] 14[6] 15[3] 16[6] 19[5] 99[1] 2[4] 3[27] 1[8] 82[1] 83[1] -1 2[7] 3[39] 1[10] 89[3] 10[4] 15[6] 90[1] 14[3] 16[3] 39[2] 43[4] -1 49[8] 90[10] 67[20] 39[2] 86[6] 3[24] 1[5] 2[4] 85[1] 79[1] 112[3] 114[5] -1 90[5] 3[93] 1[9] 36[10] 2[14] 85[2] -1 2[20] 85[2] 3[63] 1[10] 113[3] 99[5] -1 1[62] 3[69] 2[8] 114[5] 99[1] 113[12] -1 1[15] 2[16] 3[45] 0[3] 82[1] 83[1] 99[4] 71[1] 103[6] 50[8] 10[1] 90[1] 114[5] -1 3[42] 2[17] 72[2] 16[6] 46[4] 82[2] 83[1] 99[2] 1[15] 114[5] 89[4] -1 3[45] 1[23] 2[14] 89[6] -1 1[7] 3[21] 2[13] 99[4] 90[6] 44[4] 108[6] 38[2] 86[5] 11[6] 8[1] 114[5] 7[2] -1 90[1] 1[18] 3[72] 2[17] 0[6] -1 2[13] 3[48] 0[15] 1[9] 113[3] 99[1] -1 0[15] 2[12] 1[11] 113[6] 99[2] 3[42] -1 3[18] 0[8] 2[8] 1[19] 33[18] 86[1] 114[20] 99[113] 36[20] 4[9] 5[30] -1 99[8] 3[15] 4[6] 2[6] 5[30] 1[32] 113[3] 46[4] 114[10] 105[12] 92[1] 44[8] 115[20] 108[3] 90[1] 25[2] -1 1[6] 2[10] 33[28] 25[4] 28[12] 26[2] 32[12] 3[15] 4[3] 108[6] 50[24] 40[4] 114[5] 99[1] 90[1] -1 40[2] 90[16] 50[4] 114[15] 99[5] 14[3] 120[30] 3[9] 4[3] 2[2] 1[6] 39[2] 46[4] 51[6] -1 82[2] 25[6] 114[15] 99[9] 113[3] 108[9] 3[18] 1[11] 2[4] 33[54] 32[6] 50[8] -1 3[33] 1[8] 2[8] 99[3] 14[3] 90[2] 9[1] 82[1] 83[1] 114[10] -1 2[5] 14[6] 90[3] 107[18] 10[3] 15[3] 16[6] 19[5] 82[1] 83[1] 114[15] 99[3] 4[9] 3[21] 1[4] -1 1[6] 3[27] 2[10] 82[5] 83[2] 113[6] 71[1] 103[6] 114[10] 99[6] 4[6] 58[12] 86[3] 25[4] -1 3[54] 90[3] 2[12] 1[11] 99[3] 114[5] -1 90[7] 3[27] 2[8] 114[10] 99[6] 1[2] 120[25] 50[4] -1 90[8] 120[30] 1[1] 114[15] 107[12] 99[3] 81[2] 86[44] 25[8] 115[5] 50[4] -1 86[50] 25[100] -1 -2 SUtility:5193
50[44] 107[3] 89[1] 82[1] 114[10] 99[66] 40[2] 86[8] 67[5] 113[9] 9[1] 11[24] 90[2] 3[3] 1[1] 10[1] -1 1[3] 10[5] 86[1] 3[6] 76[5] 50[80] 67[10] 43[8] 49[8] 9[1] 114[5] 99[2] 59[1] 14[3] 8[1] 19[10] 21[5] 37[2] 90[1] -1 86[6] 50[12] 114[10] 99[2] 11[6] 3[12] 10[3] 15[6] 43[4] 49[4] 90[6] 67[10] 79[1] 112[3] 113[3] 85[1] 76[10] 39[2] 1[2] 2[1] -1 1[6] 90[3] 3[21] 37[2] 108[9] 46[4] 51[6] 43[4] 49[4] 82[1] 86[1] 50[8] 2[3] 114[10] 99[2] 11[6] -1 50[40] 86[22] 3[42] 2[11] 90[2] 1[13] -1 82[2] 86[2] 114[40] 99[27] 3[9] 1[3] 2[3] 28[8] 113[12] 11[6] -1 115[10] 3[21] 1[16] 2[6] 114[20] 99[9] 28[4] 90[1] 40[18] 50[16] 0[2] -1 50[12] 114[20] 99[20] 3[30] 1[14] 2[7] 86[1] 90[1] -1 1[10] 2[6] 3[15] 114[20] 99[27] 50[20] 82[1] 40[2] 25[2] 86[1] -1 90[50] 14[3] 43[4] 49[4] 99[122] 114[55] 82[21] 28[4] 3[6] 1[3] 2[11] 25[2] 86[1] 50[4] 115[10] 108[3] -1 -2 SUtility:1409
42[2] 34[48] 90[124] 110[3] 44[4] 50[44] 67[250] 56[66] 114[250] 99[50] 54[6] 113[6] 52[126] -1 -2 SUtility:979
86[3] 3[9] 1[3] 90[5] 2[1] 114[15] 99[101] 50[16] 40[2] 113[3] 10[3] 121[5] 28[4] 58[12] 38[2] 14[3] 19[5] 16[3] 13[3] -1 13[54] 58[102] -1 58[108] 13[51] -1 13[54] 58[102] -1 58[108] 13[51] -1 13[54] 58[102] -1 58[108] 13[51] -1 13[54] 58[102] -1 58[108] 13[51] -1 13[54] 58[102] -1 58[108] 13[51] -1 13[54] 58[102] -1 58[108] 13[51] -1 13[54] 58[102] -1 58[108] 13[51] -1 13[54] 58[102] -1 58[108] 13[51] -1 13[54] 58[102] -1 58[108] 13[51] -1 13[54] 58[102] -1 58[108] 13[51] -1 13[54] 58[102] -1 58[108] 13[51] -1 13[54] 58[102] -1 58[108] 13[51] -1 13[54] 58[102] -1 58[108] 13[51] -1 13[54] 58[102] -1 58[108] 13[51] -1 13[54] 58[102] -1 58[108] 13[51] -1 13[54] 58[102] -1 58[108] 13[51] -1 13[54] 58[102] -1 58[108] 13[51] -1 13[54] 58[102] -1 58[108] 13[51] -1 13[54] 58[102] -1 58[108] 13[51] -1 13[54] 58[102] -1 58[108] 13[51] -1 13[54] 58[102] -1 58[108] 13[51] -1 13[54] 58[102] -1 58[108] 13[51] -1 13[54] 58[102] -1 58[108] 13[51] -1 13[54] 58[102] -1 58[108] 13[51] -1 13[54] 58[102] -1 58[108] 13[51] -1 13[54] 58[102] -1 58[108] 13[51] -1 13[54] 58[102] -1 58[108] 13[51] -1 13[54] 58[102] -1 58[108] 13[51] -1 13[54] 58[102] -1 58[108] 13[51] -1 13[54] 58[102] -1 58[108] 13[51] -1 13[54] 58[102] -1 58[108] 13[51] -1 13[54] 58[102] -1 58[108] 13[51] -1 13[54] 58[102] -1 58[108] 13[51] -1 13[54] 58[102] -1 58[108] 13[51] -1 13[54] 58[102] -1 58[108] 13[51] -1 13[54] 58[102] -1 58[108] 13[51] -1 13[54] 58[102] -1 58[108] 13[51] -1 13[54] 58[102] -1 58[108] 13[51] -1 13[54] 58[102] -1 58[108] 13[51] -1 13[54] 58[102] -1 58[108] 13[51] -1 13[54] 58[102] -1 58[108] 13[51] -1 13[54] 58[102] -1 58[108] 13[51] -1 13[54] 58[102] -1 58[108] 13[51] -1 13[54] 58[102] -1 58[108] 13[51] -1 13[54] 58[102] -1 58[108] 13[51] -1 13[54] 58[102] -1 58[108] 13[51] -1 13[54] 58[102] -1 58[108] 13[51] -1 13[54] 58[102] -1 58[108] 13[51] -1 13[54] 58[102] -1 58[108] 13[51] -1 13[54] 58[102] -1 58[108] 13[51] -1 13[54] 58[102] -1 58[108] 13[51] -1 13[54] 58[102] -1 58[108] 13[51] -1 13[54] 58[102] -1 58[108] 13[51] -1 13[54] 58[102] -1 58[108] 13[51] -1 13[54] 58[102] -1 58[108] 13[51] -1 13[54] 58[102] -1 58[108] 13[51] -1 13[54] 58[102] -1 58[108] 13[51] -1 13[54] 58[102] -1 58[108] 13[51] -1 13[54] 58[102] -1 58[108] 13[51] -1 13[54] 58[102] -1 58[108] 13[51] -1 13[54] 58[102] -1 58[108] 13[51] -1 13[54] 58[102] -1 58[108] 13[51] -1 13[54] 58[102] -1 58[108] 13[51] -1 13[54] 58[102] -1 58[108] 13[51] -1 13[54] 58[102] -1 58[108] 13[51] -1 13[54] 58[102] -1 58[108] 13[51] -1 13[54] 58[102] -1 58[108] 13[51] -1 13[54] 58[102] -1 58[108] 13[51] -1 13[54] 58[102] -1 58[108] 13[51] -1 13[54] 58[102] -1 58[108] 13[51] -1 13[54] 58[102] -1 58[108] 13[51] -1 13[54] 58[102] -1 58[108] 13[51] -1 13[54] 58[102] -1 58[108] 13[51] -1 13[54] 58[102] -1 58[108] 13[51] -1 13[54] 58[102] -1 58[108] 13[51] -1 13[54] 58[102] -1 58[108] 13[51] -1 13[54] 58[102] -1 58[108] 13[51] -1 13[54] 58[102] -1 58[108] 13[51] -1 13[54] 58[102] -1 58[108] 13[51] -1 13[54] 58[102] -1 58[108] 13[51] -1 13[54] 58[102] -1 58[108] 13[51] -1 13[54] 58[102] -1 58[108] 13[51] -1 13[54] 58[102] -1 58[108] 13[51] -1 13[54] 58[102] -1 58[108] 13[51] -1 13[54] 58[102] -1 58[108] 13[51] -1 13[54] 58[102] -1 58[108] 13[51] -1 13[54] 58[102] -1 58[108] 13[51] -1 13[54] 58[102] -1 58[108] 13[51] -1 13[54] 58[102] -1 58[108] 13[51] -1 13[54] 58[102] -1 58[108] 13[51] -1 13[54] 58[102] -1 58[108] 13[51] -1 13[54] 58[102] -1 58[300] 13[150] -1 -2 SUtility:29469
50[44] 107[3] 89[1] 82[1] 114[10] 99[66] 40[2] 86[8] 67[5] 113[9] 9[1] 11[24] 90[2] 3[3] 1[1] 10[1] -1 1[3] 10[5] 86[1] 3[6] 76[5] 50[80] 67[10] 43[8] 49[8] 9[1] 114[5] 99[2] 59[1] 14[3] 8[1] 19[10] 21[5] 37[2] 90[1] -1 86[29] 50[12] 114[10] 99[3] 11[6] 74[9] 10[1] 58[12] 107[6] 3[9] 1[3] 2[3] 20[5] -1 114[20] 99[119] 36[10] 3[3] 4[6] 2[1] 5[30] 1[30] 113[3] 46[4] 105[12] 92[1] 44[8] 115[20] 50[8] 108[3] 90[1] -1 25[4] 28[4] 26[2] 32[6] 108[12] 50[8] 114[35] 99[9] 82[2] 113[3] 39[2] 4[6] 1[3] 2[1] 3[6] -1 1[11] 2[13] 4[12] 3[39] 114[10] 99[6] 25[4] 82[2] 90[1] -1 90[3] 3[48] 2[11] 1[10] 99[5] 114[15] -1 99[4] 3[21] 90[10] 2[6] 1[2] 50[8] 120[40] -1 120[555] 90[50] 1[1] 114[555] 107[363] 99[111] 81[2] 108[3] 50[4] 25[56] 115[5] -1 -2 SUtility:2814
113[3] 99[6] 42[2] 34[2] 90[5] 3[27] 1[6] 114[15] 79[1] 14[3] 43[4] 49[8] 39[2] 2[3] -1 2[5] 3[39] 1[22] 99[12] 112[6] 79[1] 113[3] 114[20] 0[1] -1 2[10] 0[1] 99[3] 3[51] 1[9] 114[10] -1 1[25] 2[9] 3[108] 99[1] 9[2] 34[4] -1 3[9] 1[7] 2[3] 9[15] 34[30] -1 9[18] 34[34] -1 34[34] 9[16] 90[1] 42[2] -1 34[36] 9[17] -1 9[16] 34[34] 90[1] 42[2] -1 9[18] 34[34] -1 34[36] 9[17] -1 9[16] 34[34] 90[1] 42[2] -1 9[18] 34[34] -1 34[34] 9[16] 90[1] 42[2] -1 34[36] 9[17] -1 9[16] 34[34] 90[1] 42[2] -1 9[18] 34[34] -1 34[36] 9[17] -1 9[16] 34[34] 90[1] 42[2] -1 9[18] 34[34] -1 34[34] 9[16] 90[1] 42[2] -1 34[36] 9[17] -1 9[16] 34[34] 90[1] 42[2] -1 9[18] 34[34] -1 34[36] 9[17] -1 9[16] 34[34] 90[1] 42[2] -1 9[18] 34[34] -1 34[34] 9[15] 90[1] 42[2] 50[4] -1 9[17] 34[34] 50[4] -1 9[18] 34[34] -1 34[34] 9[16] 90[1] 42[2] -1 34[34] 9[17] 50[4] -1 34[34] 9[16] 90[1] 42[2] -1 34[36] 9[17] -1 9[16] 34[34] 90[1] 42[2] -1 9[18] 34[34] -1 34[36] 9[17] -1 9[16] 34[34] 90[1] 42[2] -1 9[18] 34[34] -1 34[34] 9[16] 90[1] 42[2] -1 34[36] 9[17] -1 9[17] 34[34] 90[1] -1 42[2] 34[34] 9[17] -1 34[36] 9[17] -1 9[16] 34[32] 90[1] 42[2] 50[4] -1 34[36] 9[17] -1 9[13] 34[26] 90[1] 114[15] 99[3] 36[10] 4[3] -1 1[43] 2[3] 3[6] 4[12] 5[60] 114[20] 99[118] 36[10] 50[4] 113[3] 46[8] 105[6] 108[3] 51[6] -1 105[6] 99[7] 92[1] 44[8] 115[20] 50[24] 108[9] 90[1] 25[2] 14[3] 28[4] 114[20] 82[2] 113[3] 40[4] -1 114[30] 99[9] 86[1] 4[15] 3[33] 1[10] 2[10] 25[2] -1 25[2] 99[4] 82[2] 108[3] 3[45] 90[3] 2[10] 1[7] 114[5] -1 1[6] 2[10] 3[36] 90[4] 114[10] 99[6] 50[8] 120[10] -1 90[50] 120[250] 1[1] 114[555] 107[363] 99[111] 81[2] 25[2] 115[5] -1 -2 SUtility:4771
58[72] 50[20] 10[2] 14[3] 43[4] 49[4] 90[4] 114[30] 113[3] 67[5] 99[97] 79[1] 3[12] 1[1] -1 1[6] 90[3] 86[2] 3[15] 2[3] 114[45] 99[96] -1 1[6] 90[16] 3[54] 0[4] 15[6] 10[2] 9[1] -1 90[11] 70[1] 50[44] 40[2] 114[5] 99[4] 14[3] 120[55] 4[3] 1[1] 5[5] -1 90[14] 120[65] 114[15] 99[2] 86[1] 3[3] 1[1] -1 2[3] 50[16] 3[27] 1[5] 90[5] 37[2] 108[6] 46[4] 51[6] 99[5] 114[10] 120[5] -1 1[6] 2[4] 3[9] 14[3] 120[60] 90[12] -1 3[6] 1[4] 2[1] 14[3] 120[70] 90[14] 86[2] -1 120[80] 90[16] 3[6] 1[1] -1 2[4] 3[12] 1[5] 14[3] 120[60] 90[12] -1 1[5] 2[3] 3[6] 14[3] 120[65] 90[13] 86[2] -1 120[90] 90[17] -1 90[8] 120[25] 115[5] 14[48] 3[3] 1[1] 70[4] 86[1] 25[12] 28[12] 50[4] 9[4] 15[6] 10[1] -1 107[12] 10[2] 14[3] 18[5] 90[1] 1[6] 114[15] 99[12] 82[1] 113[3] 3[27] 2[5] -1 3[39] 99[14] 112[3] 114[20] 1[22] 2[6] 0[2] -1 3[84] 1[26] 2[11] -1 3[36] 1[30] 2[8] 99[2] 82[2] 44[4] 90[2] 39[8] 14[12] 17[5] -1 14[3] 8[1] 16[3] 99[7] 10[1] 90[4] 86[3] 39[2] 49[4] 83[2] 3[27] 2[6] 1[22] 82[1] 44[8] -1 82[2] 83[1] 86[1] 3[63] 2[6] 1[14] 99[7] 39[12] 49[8] 79[1] -1 79[3] 107[12] 10[6] 39[12] 49[8] 89[21] 99[2] 3[42] 1[3] 2[5] 113[6] 50[4] -1 99[2] 3[72] 1[10] 2[10] 82[1] -1 2[17] 1[13] 113[3] 99[5] 3[66] 78[1] 43[4] 49[4] 90[1] 38[2] 0[1] -1 50[8] 38[6] 3[108] 1[7] 2[13] 0[6] 6[20] 5[10] -1 3[87] 50[8] 1[9] 2[17] 0[5] 6[20] 5[10] 114[5] 99[1] 9[2] -1 107[24] 10[7] 90[5] 14[3] 3[24] 1[7] 2[6] 99[1] -1 3[78] 1[8] 2[13] 70[1] 9[1] 50[4] 90[1] -1 1[4] 2[6] 79[7] 50[20] 89[1] 3[18] 114[10] 99[3] 38[4] 86[1] 90[2] 108[6] 9[1] -1 1[5] 2[9] 108[6] 90[8] 9[10] 3[24] 99[1] 115[5] -1 45[4] 3[18] 1[4] 90[7] 114[5] 99[3] 15[3] 16[21] 50[16] 40[14] 115[5] 2[5] 51[6] 108[3] 113[3] -1 99[1] 83[1] 115[5] 90[4] 23[5] 52[6] -1 -2 SUtility:3365
50[32] 40[2] 10[3] 113[3] 99[1] 121[5] 71[1] 86[4] 107[6] 89[1] 76[5] 28[4] 3[9] 4[27] 2[11] 1[2] -1 1[3] 2[9] 3[6] 4[18] 89[4] 11[54] 50[8] 76[5] 113[3] -1 90[5] 86[24] 50[12] 114[10] 99[3] 74[12] 11[12] 113[9] 115[5] 3[3] 2[1] 89[3] 103[3] 15[3] 78[1] 4[3] 1[1] -1 99[2] 3[39] 1[12] 2[10] 114[5] 9[3] 10[13] -1 1[7] 2[4] 44[16] 10[10] 12[18] 14[9] 8[3] 39[6] 49[12] 3[9] 0[1] -1 2[6] 0[3] 3[9] 1[23] 25[2] 28[8] 32[6] 33[42] 114[20] 99[114] 36[20] 4[9] 5[30] -1 50[12] 3[3] 4[6] 2[1] 5[30] 1[30] 99[7] 113[3] 46[8] 114[10] 105[12] 108[6] 51[6] 92[1] 44[8] 115[20] 90[1] -1 108[9] 50[16] 114[35] 99[9] 82[2] 113[3] 86[1] 4[9] 3[21] 1[6] 2[6] -1 114[10] 99[6] 4[6] 3[30] 1[6] 2[10] 50[12] 25[4] 82[2] 90[2] -1 99[9] 114[15] 3[51] 90[3] 2[8] 1[9] -1 2[6] 3[12] 1[3] 90[10] 120[45] 50[4] 114[10] 107[3] 99[1] -1 107[63] 114[5] 99[11] 81[2] 120[55] 90[111] 25[2] 115[5] 50[4] -1 -2 SUtility:1623
50[444] 40[2] 10[4] 3[339] 1[12] 2[11] 15[3] 90[50] 52[126] 115[5] -1 -2 SUtility:996
72[1] 44[4] 40[2] 50[4] 56[6] 54[6] 52[126] 90[74] 115[5] 3[3] 1[1] -1 -2 SUtility:232
3[15] 1[2] 90[3] 10[4] 89[49] 50[8] 113[6] 99[3] 86[2] 11[54] -1 11[60] 99[2] 50[8] 86[15] 90[2] 114[5] 113[6] 74[6] -1 11[27] 113[12] 99[31] 86[42] 8[1] 50[4] 112[6] 79[1] 114[10] 74[12] -1 11[18] 74[33] 86[106] 114[5] 99[2] 79[1] 14[3] 43[4] 49[4] 90[2] 113[3] -1 74[45] 86[148] 58[6] 11[15] 8[1] -1 86[122] 113[3] 11[27] 74[36] 58[6] 8[1] -1 74[39] 86[128] 113[3] 11[21] 58[6] 8[1] 50[8] -1 74[45] 86[146] 11[18] 113[3] -1 58[6] 86[118] 11[27] 8[1] 74[39] 113[3] -1 86[128] 74[33] 58[6] 11[27] 8[1] 113[3] -1 74[33] 86[90] 58[6] 99[5] 90[10] 3[6] 79[1] 114[5] 82[1] 1[1] 2[1] 44[4] -1 39[2] 49[8] 90[1] 3[42] 0[22] 2[2] -1 0[4] 3[24] 2[6] 90[3] 1[4] 86[12] 89[5] 39[2] 49[8] 50[8] 113[3] 11[6] 74[3] -1 74[24] 86[70] 79[1] 114[20] 99[114] 36[20] 4[9] 1[13] 2[2] 3[6] 5[30] -1 4[6] 2[1] 5[30] 1[30] 99[7] 113[3] 46[4] 114[10] 105[12] 92[1] 44[8] 115[20] 50[8] 108[3] 90[1] 25[4] 28[4] 26[2] 32[6] -1 108[12] 114[35] 99[9] 82[2] 113[3] 50[8] 39[2] 4[9] 1[7] 2[3] 3[12] -1 2[12] 4[9] 3[39] 1[8] 114[10] 99[6] 25[4] 82[2] 90[2] -1 2[10] 99[9] 114[15] 3[48] 90[3] 1[9] -1 3[15] 2[6] 1[3] 90[10] 120[45] 50[4] 114[10] 107[3] -1 99[111] 107[63] 114[5] 81[2] 120[55] 90[111] 25[38] 115[5] 50[4] -1 -2 SUtility:3372
101[3] 3[9] 90[12] 1[2] 114[10] 99[5] 79[1] 14[3] 43[4] 49[4] 86[3] 44[152] -1 90[50] 44[44] 36[66] 115[555] 82[1] 13[33] 4[3] 101[3] 14[6] 50[4] 45[4] 83[1] 52[126] 113[3] 3[3] 1[1] -1 -2 SUtility:1111
39[2] 43[4] 49[8] 99[3] 50[16] 10[3] 90[8] 3[9] 1[2] 82[1] 28[12] 114[10] 14[3] 46[8] 120[25] 25[6] 33[6] 32[6] 24[2] -1 46[16] 25[24] 90[20] 33[24] 32[24] 24[8] 28[12] -1 28[16] 46[16] 25[22] 90[20] 33[24] 32[24] 24[6] 50[4] -1 25[24] 24[8] 28[16] 46[16] 90[20] 33[24] 32[18] -1 32[24] 25[24] 24[8] 28[16] 46[16] 90[20] 33[18] -1 33[24] 32[24] 25[22] 24[8] 28[16] 46[16] 90[20] -1 25[24] 33[24] 32[24] 24[8] 28[16] 46[16] 90[15] -1 90[20] 25[22] 33[24] 32[24] 24[8] 28[16] 46[16] -1 25[24] 90[21] 33[24] 32[24] 24[6] 28[12] 46[12] 108[3] -1 24[8] 28[16] 46[16] 25[22] 90[20] 33[24] 32[24] -1 25[24] 24[8] 28[16] 46[16] 90[20] 33[24] 32[18] -1 32[24] 25[24] 24[8] 28[16] 46[16] 90[20] 33[18] -1 33[24] 32[24] 25[22] 24[8] 28[16] 46[16] 90[20] -1 25[122] 33[666] 32[666] 24[22] 28[44] 46[44] 90[55] -1 -2 SUtility:3290
72[1] 44[4] 40[2] 50[4] 56[6] 54[6] 52[126] 90[14] 115[5] 3[3] 1[1] -1 -2 SUtility:172
107[3] 38[2] 28[4] 50[8] 80[1] 4[9] 14[9] 10[5] 90[5] 9[10] 13[6] 5[10] 2[2] 19[10] 16[6] -1 19[30] 16[18] 10[6] 9[15] 90[6] 14[15] -1 14[33] 19[55] 16[33] 90[11] 18[5] 80[1] 4[3] 40[2] 46[4] -1 -2 SUtility:327
114[555] 99[50] 50[56] 40[2] 10[3] 113[3] 121[55] 86[11] 90[50] 3[33] 1[11] 79[1] 14[33] 43[4] 49[4] 52[126] -1 -2 SUtility:997
114[25] 99[125] 86[1] 3[15] 1[24] 90[4] 2[1] 36[10] 4[6] 5[30] 113[3] 46[4] 108[3] 50[8] -1 1[1] 90[3] 99[9] 114[20] 108[15] 92[1] 44[8] 115[20] 50[20] 25[4] 28[4] 26[2] 32[6] 82[2] 113[3] -1 50[4] 39[2] 4[15] 1[11] 2[1] 108[3] 114[30] 99[8] 3[27] 90[8] -1 99[2] 25[4] 4[3] 3[42] 1[16] 90[14] 82[2] -1 99[3] 114[5] 3[51] 90[11] 1[23] -1 90[12] 3[42] 1[21] -1 1[16] 90[12] 3[45] 114[10] 99[4] -1 90[11] 120[45] 50[4] 99[5] 3[6] 1[3] 114[15] 107[12] 81[2] -1 -2 SUtility:927
